                     V1                   V2                    V3                    V4                    V5
1                     0                    0                     0                     0                     0
2                     0                    0                     0                     0                     0
3   0.00762575480900858  -0.0139898620391094   0.00536630335325455  -0.00991769736413591  0.000716318212801527
4                     0                    0                     0                     0                     0
5                     0                    0                     0                     0                     0
6    0.0302822789860746   -0.046166756109401    0.0324266505021067    -0.036257431434182    0.0146055732515911
7  -0.00242826573269343 -0.00123144319015264 -0.000624500156698773 -0.000316701938697189 -0.000160608635400131
8   -0.0178425012176118                    0                     0                     0                     0
9  -0.00473061783398965 -0.00473061783398965  -0.00473061783398965  -0.00473061783398965  -0.00473061783398965
10                    0                    0                     0                     0                     0
11  -0.0890347702721715  -0.0406135740105373   -0.0406135740105373   -0.0406135740105373   -0.0406135740105373
12                    0                    0                     0                     0                     0
                      V6                 V7
1                      0 EQ.80..WEFFL.20..B
2                      0         WMID.50..A
3   -0.00554339678705452         WMID.50..B
4                      0         WMID.50..C
5                      0         EMID.50..A
6    -0.0149101988361294         EMID.50..B
7  -8.14492448994954e-05         EMID.50..C
8                      0       EEFFL.100..A
9   -0.00473061783398965       EEFFL.100..B
10                     0       EEFFL.100..C
11   -0.0406135740105373        WEFFL.20..A
12                     0        WEFFL.20..B
