                   V1                V2                 V3                V4                 V5                V6
1  0.0107525480892403                 0                  0                 0                  0                 0
2                   0                 0                  0                 0                  0                 0
3                   0                 0                  0                 0                  0                 0
4                   0                 0                  0                 0                  0                 0
5                   0                 0                  0                 0                  0                 0
6                   0                 0                  0                 0                  0                 0
7   0.691669276163578                 0                  0                 0                  0                 0
8                   0                 0                  0                 0                  0                 0
9                   0                 0                  0                 0                  0                 0
10 0.0139069756901665 0.168881398163502 0.0257668528912816 0.157929133231436 0.0358809632743886 0.148589035135181
11                  0                 0                  0                 0                  0                 0
12                  0                 0                  0                 0                  0                 0
13 0.0139069756901665 0.168881398163502 0.0257668528912816 0.157929133231436 0.0358809632743886 0.148589035135181
14                  0                 0                  0                 0                  0                 0
                   V7
1  EQ.90..WEFFL.10..A
2  EQ.90..WEFFL.10..B
3  EQ.90..WEFFL.10..C
4   EQ.90..WMID.10..A
5   EQ.90..WMID.10..B
6        WEFFL.100..B
7        WEFFL.100..C
8         WEFFL.10..A
9          WMID.10..A
10         WMID.10..B
11        WEFFL.10..B
12         WMID.50..A
13         WMID.50..B
14         WMID.50..C
