                    V1                   V2                   V3                   V4                   V5
1   -0.103841292073034    0.102674793386153   -0.254258193650265    0.339263718882319   -0.643983058140759
2  0.00840043806791167  -0.0027230195637358 -0.00350847113467936 -0.00100743511249133 -0.00102231635634786
3  -0.0140066061228984 -0.00335742299896245 0.000125106874701811  -0.0101894140590631  -0.0133577624310897
4   -0.024026235968862  -0.0091097038989291   -0.019210014950251  -0.0122622218215896  -0.0169925045040628
5  -0.0143215089493024  -0.0143215089493024  -0.0143215089493024  -0.0143215089493024  -0.0143215089493024
6  -0.0138655848894418  -0.0188505658088604  -0.0172000627567826  -0.0177464991211552  -0.0175655848659795
7   -0.017312415201632   -0.019710607768676  -0.0203003828873185  -0.0204553035952113  -0.0204967060229447
8   0.0321518232522118  -0.0355980453499913   0.0804128357607835  -0.0516759042323091   -0.077495112514802
9  -0.0091355168329204   -0.010405979210045  -0.0108248250358595  -0.0109685906686726  -0.0110186060846516
10  0.0204800188801236  -0.0108546025681618   0.0161755518346224 -0.00473233351309291     0.01343700325019
11 0.00768759405636649 -0.00717943708973638 -0.00565184266087672  0.00639552965663847 -0.00187713174193496
12 0.00113265814102292  0.00171539438737622  0.00171978008496432   0.0017198130907804  0.00171981333917504
                     V6                 V7
1     0.984200888218673 EQ.80..WEFFL.20..B
2  -0.00156603564971514         WMID.50..A
3  -0.00718797272626636         WMID.50..B
4   -0.0137485267585819         WMID.50..C
5   -0.0143215089493024         EMID.50..A
6   -0.0176254815404793         EMID.50..B
7   -0.0205078218347962         EMID.50..C
8    0.0207859720430985       EEFFL.100..A
9   -0.0110360871792777       EEFFL.100..B
10 -0.00132832473722872       EEFFL.100..C
11 -0.00807052716570153        WEFFL.20..A
12  0.00171981334104443        WEFFL.20..B
