                     V1                   V2                   V3                   V4                   V5
1     0.117638887500501    0.117241943629168    0.117244334136916    0.117244319772075    0.117244319858396
2      3.37031817236408    -5.69186435565933     1.29077145437151     2.24084781603348   -0.037942311037845
3    -0.176907810286777   0.0938019915342619   -0.156827650255506      0.1010229937239   -0.147952877779336
4  -0.00151603726312823 -0.00153220896021553 -0.00153213834638208  -0.0015321386545752  -0.0015321386532301
5  -0.00276299944862585 -0.00375751366507902 -0.00276601179551447 -0.00281156866962831 -0.00330656756135835
6  -0.00704793561416973 -0.00456548297151341 -0.00642577657294249 -0.00505814699669991 -0.00602100935175475
7   -0.0167216459330354   -0.016721725518148  -0.0167217255189485  -0.0167217255189485  -0.0167217255189485
8   -0.0182551553290344  -0.0182514575282346  -0.0182520655691457  -0.0182519656811975  -0.0182519820931643
9   -0.0114086134184877  -0.0135197587946283  -0.0143140473008355  -0.0146147276427435   -0.014728810499723
10  -0.0257169143817454    -0.02565962010515  -0.0256597675855786  -0.0256597672059631  -0.0256597672069402
11 -0.00567216805248429 -0.00663518896745884 -0.00623661182387433 -0.00604885024422506   -0.006098993078125
12  -0.0135448015888054 -0.00978854730991947  -0.0133325762720542  -0.0121060309068243  -0.0130740018183523
13 -0.00604854509615948 -0.00615633970066786 -0.00616099700361498 -0.00616119860639235 -0.00616120733398042
14  -0.0177176506710416  -0.0179893984406901  -0.0178402958505237   -0.017922088058263  -0.0178772146135246
                     V6                   V7                 V8
1     0.117244319857877     0.11724431985788 EQ.80..WEFFL.20..A
2     -6.22394702258532     4.01019945976865 EQ.80..WEFFL.20..B
3    0.0986529403249851   -0.139303528002558 EQ.80..WEFFL.20..C
4  -0.00153213865323597 -0.00153213865323594         WMID.50..A
5  -0.00299641420263464 -0.00291386582467397         WMID.50..B
6  -0.00530800295295093 -0.00581491950411583         WMID.50..C
7   -0.0167217255189485  -0.0167217255189485         EMID.50..A
8   -0.0182519793966848  -0.0182519798397172         EMID.50..B
9   -0.0147721324359352  -0.0147885888880115         EMID.50..C
10  -0.0256597672069377  -0.0256597672069377       EEFFL.100..A
11 -0.00612878291922218 -0.00612217219467856       EEFFL.100..B
12  -0.0126863624423258   -0.012956671839066       EEFFL.100..C
13 -0.00616120771180788 -0.00616120772816447        WEFFL.20..A
14  -0.0179018318364625   -0.017888326544525        WEFFL.20..B
