                     V1                   V2                    V3                   V4                    V5
1                     0                    0                     0                    0                     0
2      5.85467788944123                    0     -5.85467788944123                    0     0.743758125716589
3                     0                    0                     0                    0                     0
4   -0.0136191232570014                    0                     0                    0    0.0622025437427828
5    0.0107125810366053  -0.0175859973609813   -0.0277445907045486  -0.0020228821533208 -9.80160055932267e-05
6    -0.016080568363146  -0.0190383809332824   -0.0035153216656334 -0.00106629493764476 -0.000689521418451911
7   -0.0105461108736864  0.00104599407013062   -0.0234096574643914   0.0125225317556894   -0.0140636156585656
8   0.00360315687311452  0.00908948119482078 -0.000275248907263048  -0.0157745938208222   0.00253677934463381
9   2.3412278349344e-05 -0.00210442883135276  0.000258473043252661 -0.00105212666211196  -0.00629333976887914
10  -0.0234315007414261 -0.00169975554005886     0.010793360945772  0.00103920770457133  -0.00952988098439356
11 -0.00776385823723436  0.00164051776642138  -0.00744817622592331  0.00747104199765403   -0.0115477389318701
12  -0.0112592525594746   -0.020850486402396   -0.0045372018037666   0.0163134383657435 -0.000686431510365626
13  -0.0040377814979129 -0.00440219593502533  -0.00190449700073314 -0.00241629221649253  -0.00217924019125881
14  -0.0127212218843122  0.00297951039604705   -0.0246032668560265  -0.0293095496902658    0.0123784740706956
                      V6                   V7                 V8
1                      0                    0 EQ.80..WEFFL.20..A
2                      0   -0.743758125716589 EQ.80..WEFFL.20..B
3                      0                    0 EQ.80..WEFFL.20..C
4     0.0049915271631148  -0.0671940709058976         WMID.50..A
5    -0.0159896217880107 -0.00394586127932639         WMID.50..B
6  -0.000569893970978619 -0.00267804100222335         WMID.50..C
7     0.0018248434899335  -0.0121162992575643         EMID.50..A
8      0.028118403920018  -0.0277424370673915         EMID.50..B
9   0.000441823411997611 -0.00831014181294165         EMID.50..C
10  -0.00618595298444946 -0.00131098971330745       EEFFL.100..A
11   -0.0058798956715278  -0.0147402758071706       EEFFL.100..B
12  -0.00490881400212473 -0.00540628566182733       EEFFL.100..C
13  0.000157523412610328 -0.00421811090119339        WEFFL.20..A
14    0.0239633932251189  0.00247835993742607        WEFFL.20..B
