                     V1                   V2                   V3                   V4                   V5
1     -3.31015405999847      2.4869601114392    -6.22038711776651     5.58474289158715    -8.60909902017607
2  0.000179665073110291  0.00240929166706216  0.00168964964147866  0.00480890659526234   0.0041047351585568
3  -0.00955850021090072 -0.00725140946841682 -0.00441424494270799 0.000255158362808358  0.00282726277028858
4   -0.0237891644752964  -0.0104192690431849  -0.0187212005182534  -0.0134895273631608  -0.0171917863296859
5   -0.0279260221803632   0.0221887180423475  -0.0254967934182131  -0.0328615259642391  -0.0173181015961812
6   -0.0146144861742356  -0.0191799445576009  -0.0177471140780266    -0.01820057965898  -0.0180571211450186
7  -0.00298910848954764 0.000424179605100716 -0.00360304668800099 -0.00208057164125131 -0.00140343935569992
8   -0.0162007699293801  -0.0127690183596579  -0.0126640445743408  -0.0130061704504607  -0.0130148890111265
9  -0.00614628962208444 -0.00149228674827873 -0.00596795192856921 -0.00209145765840961 -0.00148229401898717
10   0.0598415934374631   -0.012398230170836   0.0380034789181705   0.0210736095320398   0.0485785676492033
11 0.000569523959721902  -0.0146602546308026 -0.00683507451005744  0.00480601961075416  -0.0132693995011638
12   -0.113874211682611   -0.134969307487875   -0.152708168887323   -0.197268430296125   -0.204042243076235
                      V6                 V7
1       7.87649078823318 EQ.80..WEFFL.20..B
2    0.00433969288676272         WMID.50..A
3     0.0055183904528437         WMID.50..B
4    -0.0142163656396798         WMID.50..C
5    -0.0214647955326309         EMID.50..A
6    -0.0181025297904121         EMID.50..B
7  -6.17505715589384e-05         EMID.50..C
8    -0.0129807904302643       EEFFL.100..A
9  -0.000426279992869108       EEFFL.100..B
10    0.0298984449257282       EEFFL.100..C
11   -0.0139049942348737        WEFFL.20..A
12    -0.242178869004757        WEFFL.20..B
