                     V1                   V2                   V3                   V4                   V5
1     -24.3333333333334    -24.3333333333334    -24.3333333333334    -24.3333333333334    -24.3333333333334
2  8.76656740906867e-05 8.76656740906867e-05 8.76656740906867e-05 8.76656740906867e-05 8.76656740906867e-05
3   -0.0113597947421236  -0.0100072445406144 -0.00857905541481827 -0.00685939744649448  -0.0054710927517279
4   -0.0236619353601295  -0.0236619353601295  -0.0236619353601295  -0.0236619353601295  -0.0236619353601295
5   -0.0454909390629032  -0.0511976206849129  -0.0569043023069226  -0.0626109839289323   -0.068317665550942
6   -0.0115886056097499  -0.0115886056097499  -0.0115886056097499  -0.0115886056097499  -0.0115886056097499
7   0.00400912605468756  0.00463002506489091  0.00382436927454871  0.00421649329454371  0.00471534563380105
8    -0.033486944825402  -0.0214531254663027   -0.014498010348107  -0.0190666498772638   -0.022025422506813
9   0.00646251099458546 -0.00496985497430367  0.00147847220364037  0.00824572498523539  0.00447062627975112
10   0.0235602971374052   0.0142245146441419   0.0136094274557718   0.0265875915385029   0.0359991091650855
11  -0.0423413871630767  -0.0337610706814986  -0.0213924002574173  -0.0289589413513136  -0.0310139773896677
12  -0.0281097709622211  -0.0516279873236389  -0.0414620180964558  -0.0386021712792329  -0.0335271471150106
                     V6                 V7
1     -24.3333333333334 EQ.80..WEFFL.20..B
2  8.76656740906867e-05         WMID.50..A
3  -0.00407153306855619         WMID.50..B
4   -0.0236619353601295         WMID.50..C
5   -0.0740243471729516         EMID.50..A
6   -0.0115886056097499         EMID.50..B
7   0.00473583943383854         EMID.50..C
8   -0.0199949417836044       EEFFL.100..A
9   0.00950439639459767       EEFFL.100..B
10   0.0390796896047091       EEFFL.100..C
11  -0.0272074121793502        WEFFL.20..A
12  -0.0345615902361298        WEFFL.20..B
